YEAR	country	dim	from	to	TB	HIV	0	1	2	3	4	5	6	7	8	9	10	11	12	13	14	15	16	17	18	19	20	21	22	23	24	25	26	27	28	29	30	31	32	33	34	35	36	37	38	39	40	41	42	43	44	45	46	47	48	49	50	51	52	53	54	55	56	57	58	59	60	61	62	63	64	65	66	67	68	69	70	71	72	73	74	75	76	77	78	79	80	90
2029	ZAF	VXa	never	vac1	"Un,Ls,Lf,L0,R"	NA	0	0	0	0	0	0	0	0	0	0	0	0	0	0	0	0	0	0	0	0	0	0	0	0	0	0	0	0	0	0	0	0	0	0	0	0	0	0	0	0	0	0	0	0	0	0	0	0	0	0	0	0	0	0	0	0	0	0	0	0	0	0	0	0	0	0	0	0	0	0	0	0	0	0	0	0	0	0	0	0	0	0
2030	ZAF	VXa	never	vac1	"Un,Ls,Lf,L0,R"	NA	0	0	0	0	0	0	0	0	0	0	0	0	0	0	0	0.494	0.1508	0.1508	0.1508	0.1508	0.1508	0.1508	0.1508	0.1508	0.1508	0.1508	0.1508	0.1508	0.1508	0.1508	0.1508	0.1508	0.1508	0.1508	0.1508	0	0	0	0	0	0	0	0	0	0	0	0	0	0	0	0	0	0	0	0	0	0	0	0	0	0	0	0	0	0	0	0	0	0	0	0	0	0	0	0	0	0	0	0	0	0	0
2031	ZAF	VXa	never	vac1	"Un,Ls,Lf,L0,R"	NA	0	0	0	0	0	0	0	0	0	0	0	0	0	0	0	0.693	0.1283	0.1283	0.1283	0.1283	0.1283	0.1283	0.1283	0.1283	0.1283	0.1283	0.1283	0.1283	0.1283	0.1283	0.1283	0.1283	0.1283	0.1283	0.1283	0	0	0	0	0	0	0	0	0	0	0	0	0	0	0	0	0	0	0	0	0	0	0	0	0	0	0	0	0	0	0	0	0	0	0	0	0	0	0	0	0	0	0	0	0	0	0
2032	ZAF	VXa	never	vac1	"Un,Ls,Lf,L0,R"	NA	0	0	0	0	0	0	0	0	0	0	0	0	0	0	0	0.916	0.1093	0.1093	0.1093	0.1093	0.1093	0.1093	0.1093	0.1093	0.1093	0.1093	0.1093	0.1093	0.1093	0.1093	0.1093	0.1093	0.1093	0.1093	0.1093	0	0	0	0	0	0	0	0	0	0	0	0	0	0	0	0	0	0	0	0	0	0	0	0	0	0	0	0	0	0	0	0	0	0	0	0	0	0	0	0	0	0	0	0	0	0	0
2033	ZAF	VXa	never	vac1	"Un,Ls,Lf,L0,R"	NA	0	0	0	0	0	0	0	0	0	0	0	0	0	0	0	1.204	0.0933	0.0933	0.0933	0.0933	0.0933	0.0933	0.0933	0.0933	0.0933	0.0933	0.0933	0.0933	0.0933	0.0933	0.0933	0.0933	0.0933	0.0933	0.0933	0	0	0	0	0	0	0	0	0	0	0	0	0	0	0	0	0	0	0	0	0	0	0	0	0	0	0	0	0	0	0	0	0	0	0	0	0	0	0	0	0	0	0	0	0	0	0
2034	ZAF	VXa	never	vac1	"Un,Ls,Lf,L0,R"	NA	0	0	0	0	0	0	0	0	0	0	0	0	0	0	0	1.609	0.0797	0.0797	0.0797	0.0797	0.0797	0.0797	0.0797	0.0797	0.0797	0.0797	0.0797	0.0797	0.0797	0.0797	0.0797	0.0797	0.0797	0.0797	0.0797	0	0	0	0	0	0	0	0	0	0	0	0	0	0	0	0	0	0	0	0	0	0	0	0	0	0	0	0	0	0	0	0	0	0	0	0	0	0	0	0	0	0	0	0	0	0	0
2035	ZAF	VXa	never	vac1	"Un,Ls,Lf,L0,R"	NA	0	0	0	0	0	0	0	0	0	0	0	0	0	0	0	1.609	0	0	0	0	0	0	0	0	0	0	0	0	0	0	0	0	0	0	0	0	0	0	0	0	0	0	0	0	0	0	0	0	0	0	0	0	0	0	0	0	0	0	0	0	0	0	0	0	0	0	0	0	0	0	0	0	0	0	0	0	0	0	0	0	0	0
2036	ZAF	VXa	never	vac1	"Un,Ls,Lf,L0,R"	NA	0	0	0	0	0	0	0	0	0	0	0	0	0	0	0	1.609	0	0	0	0	0	0	0	0	0	0	0	0	0	0	0	0	0	0	0	0	0	0	0	0	0	0	0	0	0	0	0	0	0	0	0	0	0	0	0	0	0	0	0	0	0	0	0	0	0	0	0	0	0	0	0	0	0	0	0	0	0	0	0	0	0	0
2037	ZAF	VXa	never	vac1	"Un,Ls,Lf,L0,R"	NA	0	0	0	0	0	0	0	0	0	0	0	0	0	0	0	1.609	0	0	0	0	0	0	0	0	0	0	0	0	0	0	0	0	0	0	0	0	0	0	0	0	0	0	0	0	0	0	0	0	0	0	0	0	0	0	0	0	0	0	0	0	0	0	0	0	0	0	0	0	0	0	0	0	0	0	0	0	0	0	0	0	0	0
2038	ZAF	VXa	never	vac1	"Un,Ls,Lf,L0,R"	NA	0	0	0	0	0	0	0	0	0	0	0	0	0	0	0	1.609	0	0	0	0	0	0	0	0	0	0	0	0	0	0	0	0	0	0	0	0	0	0	0	0	0	0	0	0	0	0	0	0	0	0	0	0	0	0	0	0	0	0	0	0	0	0	0	0	0	0	0	0	0	0	0	0	0	0	0	0	0	0	0	0	0	0
2039	ZAF	VXa	never	vac1	"Un,Ls,Lf,L0,R"	NA	0	0	0	0	0	0	0	0	0	0	0	0	0	0	0	1.609	0	0	0	0	0	0	0	0	0	0	0	0	0	0	0	0	0	0	0	0	0	0	0	0	0	0	0	0	0	0	0	0	0	0	0	0	0	0	0	0	0	0	0	0	0	0	0	0	0	0	0	0	0	0	0	0	0	0	0	0	0	0	0	0	0	0
2040	ZAF	VXa	never	vac1	"Un,Ls,Lf,L0,R"	NA	0	0	0	0	0	0	0	0	0	0	0	0	0	0	0	1.609	1.204	1.204	1.204	1.204	1.204	1.204	1.204	1.204	1.204	1.204	1.204	1.204	1.204	1.204	1.204	1.204	1.204	1.204	1.204	0	0	0	0	0	0	0	0	0	0	0	0	0	0	0	0	0	0	0	0	0	0	0	0	0	0	0	0	0	0	0	0	0	0	0	0	0	0	0	0	0	0	0	0	0	0	0
2041	ZAF	VXa	never	vac1	"Un,Ls,Lf,L0,R"	NA	0	0	0	0	0	0	0	0	0	0	0	0	0	0	0	1.609	0	0	0	0	0	0	0	0	0	0	0	0	0	0	0	0	0	0	0	0	0	0	0	0	0	0	0	0	0	0	0	0	0	0	0	0	0	0	0	0	0	0	0	0	0	0	0	0	0	0	0	0	0	0	0	0	0	0	0	0	0	0	0	0	0	0
2042	ZAF	VXa	never	vac1	"Un,Ls,Lf,L0,R"	NA	0	0	0	0	0	0	0	0	0	0	0	0	0	0	0	1.609	0	0	0	0	0	0	0	0	0	0	0	0	0	0	0	0	0	0	0	0	0	0	0	0	0	0	0	0	0	0	0	0	0	0	0	0	0	0	0	0	0	0	0	0	0	0	0	0	0	0	0	0	0	0	0	0	0	0	0	0	0	0	0	0	0	0
2043	ZAF	VXa	never	vac1	"Un,Ls,Lf,L0,R"	NA	0	0	0	0	0	0	0	0	0	0	0	0	0	0	0	1.609	0	0	0	0	0	0	0	0	0	0	0	0	0	0	0	0	0	0	0	0	0	0	0	0	0	0	0	0	0	0	0	0	0	0	0	0	0	0	0	0	0	0	0	0	0	0	0	0	0	0	0	0	0	0	0	0	0	0	0	0	0	0	0	0	0	0
2044	ZAF	VXa	never	vac1	"Un,Ls,Lf,L0,R"	NA	0	0	0	0	0	0	0	0	0	0	0	0	0	0	0	1.609	0	0	0	0	0	0	0	0	0	0	0	0	0	0	0	0	0	0	0	0	0	0	0	0	0	0	0	0	0	0	0	0	0	0	0	0	0	0	0	0	0	0	0	0	0	0	0	0	0	0	0	0	0	0	0	0	0	0	0	0	0	0	0	0	0	0
2045	ZAF	VXa	never	vac1	"Un,Ls,Lf,L0,R"	NA	0	0	0	0	0	0	0	0	0	0	0	0	0	0	0	1.609	0	0	0	0	0	0	0	0	0	0	0	0	0	0	0	0	0	0	0	0	0	0	0	0	0	0	0	0	0	0	0	0	0	0	0	0	0	0	0	0	0	0	0	0	0	0	0	0	0	0	0	0	0	0	0	0	0	0	0	0	0	0	0	0	0	0
2046	ZAF	VXa	never	vac1	"Un,Ls,Lf,L0,R"	NA	0	0	0	0	0	0	0	0	0	0	0	0	0	0	0	1.609	0	0	0	0	0	0	0	0	0	0	0	0	0	0	0	0	0	0	0	0	0	0	0	0	0	0	0	0	0	0	0	0	0	0	0	0	0	0	0	0	0	0	0	0	0	0	0	0	0	0	0	0	0	0	0	0	0	0	0	0	0	0	0	0	0	0
2047	ZAF	VXa	never	vac1	"Un,Ls,Lf,L0,R"	NA	0	0	0	0	0	0	0	0	0	0	0	0	0	0	0	1.609	0	0	0	0	0	0	0	0	0	0	0	0	0	0	0	0	0	0	0	0	0	0	0	0	0	0	0	0	0	0	0	0	0	0	0	0	0	0	0	0	0	0	0	0	0	0	0	0	0	0	0	0	0	0	0	0	0	0	0	0	0	0	0	0	0	0
2048	ZAF	VXa	never	vac1	"Un,Ls,Lf,L0,R"	NA	0	0	0	0	0	0	0	0	0	0	0	0	0	0	0	1.609	0	0	0	0	0	0	0	0	0	0	0	0	0	0	0	0	0	0	0	0	0	0	0	0	0	0	0	0	0	0	0	0	0	0	0	0	0	0	0	0	0	0	0	0	0	0	0	0	0	0	0	0	0	0	0	0	0	0	0	0	0	0	0	0	0	0
2049	ZAF	VXa	never	vac1	"Un,Ls,Lf,L0,R"	NA	0	0	0	0	0	0	0	0	0	0	0	0	0	0	0	1.609	0	0	0	0	0	0	0	0	0	0	0	0	0	0	0	0	0	0	0	0	0	0	0	0	0	0	0	0	0	0	0	0	0	0	0	0	0	0	0	0	0	0	0	0	0	0	0	0	0	0	0	0	0	0	0	0	0	0	0	0	0	0	0	0	0	0
2050	ZAF	VXa	never	vac1	"Un,Ls,Lf,L0,R"	NA	0	0	0	0	0	0	0	0	0	0	0	0	0	0	0	1.609	0	0	0	0	0	0	0	0	0	0	0	0	0	0	0	0	0	0	0	0	0	0	0	0	0	0	0	0	0	0	0	0	0	0	0	0	0	0	0	0	0	0	0	0	0	0	0	0	0	0	0	0	0	0	0	0	0	0	0	0	0	0	0	0	0	0
